99.8783
99.5539
99.6509
99.2023
99.3054
99.6087
99.7824
100.246
100.19
100.084
99.9524
99.555
99.1649
99.1255
99.0112
98.8195
98.492
98.3166
97.981
98.1372
98.2094
98.0044
98.063
98.0147
98.4649
98.6387
98.3893
98.6237
98.6352
98.9742
98.6562
99.0683
99.3016
99.2298
99.2002
99.1411
99.6316
99.8668
99.8727
100.325
100.151
100.24
100.169
99.6747
99.2645
99.2421
99.6739
100.08
100.302
100.727
101.181
100.764
100.603
100.614
100.431
100.559
100.666
100.878
101.022
100.795
101.151
101.022
101.416
101.355
100.869
100.455
100.26
100.478
100.03
100.404
100.746
101.056
100.676
100.22
100.655
101.1
100.827
101.218
100.743
101.231
100.803
100.942
100.88
101.269
101.639
101.554
101.791
101.726
101.862
101.953
101.703
101.588
101.314
101.727
101.289
101.103
101.074
101.264
101.31
101.302
101.261
100.905
101.351
100.957
101.31
100.887
100.956
101.089
100.992
100.712
100.47
100.823
101.173
100.752
101.184
101.081
101.088
101.281
100.783
100.707
100.548
100.891
100.542
100.595
100.29
100.558
100.196
100.031
99.9938
99.9031
100.163
99.7524
99.3738
99.5921
99.1486
99.1159
98.7767
98.9693
98.7831
99.1428
98.7055
98.5976
98.3711
98.2717
97.9159
98.4005
98.4256
98.4145
98.6693
98.3629
97.9685
98.2232
97.8891
98.3469
98.7775
98.8841
98.9466
99.3137
99.6624
99.2469
99.4479
99.7296
99.9717
99.973
100.378
100.715
100.294
100.059
100.072
99.7491
99.5212
100.012
99.683
99.5228
99.3675
98.9097
98.6519
98.7903
98.7789
98.8447
99.1956
98.9389
99.4043
99.1952
99.3987
98.9665
98.6926
99.1622
99.5312
99.7015
100.115
100.306
100.071
99.9279
99.5228
99.8595
100.252
99.955
99.9155
100.222
100.47
100.194
99.7062
99.6521
99.5507
99.1211
99.4677
99.1403
98.7075
98.5236
98.7159
99.1573
99.6432
99.4026
98.9322
98.9694
98.8465
98.8398
98.5787
98.6843
99.1195
99.3511
99.1031
99.1439
98.8248
98.8118
99.0141
99.0625
99.3849
99.7087
99.9888
100.361
100.2
99.8752
99.5481
99.5027
99.5692
99.4892
99.6492
99.7883
99.898
99.4207
99.1079
98.9537
99.207
99.3315
98.9149
99.4078
99.3217
99.2525
98.8091
98.3483
98.1329
98.1844
97.8566
98.1822
98.1875
97.8649
97.6776
98.163
98.4906
98.3895
98.766
98.5476
98.1593
98.562
99.0091
99.5051
99.716
99.2725
99.1996
99.0937
99.0722
98.9075
98.903
99.133
98.6545
98.2705
98.6409
98.7951
98.7032
98.7342
98.9357
98.4532
98.9352
98.7959
99.284
98.8379
99.2055
99.1022
99.0703
98.979
98.5834
98.1306
98.5969
98.3825
98.2543
98.7047
99.1434
99.2152
99.1822
99.3558
99.3307
99.167
99.3534
99.812
99.739
100.187
100.186
100.425
100.758
100.62
101.023
100.761
101.054
101.233
100.827
101.061
100.879
100.697
100.81
100.551
100.085
100.51
100.287
100.394
99.9649
99.5165
99.8895
100.304
100.53
100.317
100.269
99.7943
99.4043
99.6691
99.9896
99.8276
100.061
100.487
100.582
100.285
99.9549
100.443
100.241
100.19
100.572
100.746
100.976
101.011
100.645
101.088
101.216
101.18
101.637
101.863
101.648
101.969
102.06
101.828
101.516
101.628
101.697
101.404
100.96
100.752
100.354
99.9045
99.5061
99.9885
99.6328
100.077
99.6114
99.4847
99.7776
100.248
100.642
100.386
100.245
99.9951
99.8084
100.054
99.6894
99.9198
99.5052
99.4712
99.4273
99.8974
99.8501
100.348
100.785
101.201
101.223
101.218
100.764
100.938
100.472
99.9829
100.156
99.8102
99.4929
99.3845
98.9001
99.1551
98.78
98.8467
98.6584
99.0581
99.0296
99.4833
99.5087
99.3308
99.4567
99.0399
98.9969
98.585
98.3429
98.8151
98.9768
99.4097
99.2211
99.2817
98.9634
98.9999
98.6572
98.8666
99.3492
99.3776
98.8979
98.5537
98.4262
98.0821
98.5113
98.3708
98.2958
98.1498
98.5378
98.4914
98.4922
98.8452
98.9545
98.556
98.8525
99.1765
98.8549
98.535
98.3138
98.2766
98.6091
98.1978
98.5694
98.1143
98.1857
98.6811
98.7839
98.7402
98.6171
98.7059
98.6892
98.6112
98.5408
98.0581
98.4806
98.4799
98.021
98.5034
98.7015
98.782
98.9899
98.8432
98.4776
98.4279
98.6675
98.2975
98.4301
98.5341
98.7435
98.5032
98.3116
98.4823
98.0595
98.2284
97.9446
97.5181
97.7942
97.4155
97.7245
98.1686
97.8646
97.8839
97.9167
98.3006
98.6404
98.2694
98.0707
97.746
97.3072
97.002
97.285
97.4457
97.8341
98.2828
98.4719
98.6405
98.5976
98.9977
98.5951
98.2778
98.3662
97.8732
97.8017
97.3495
97.7173
97.3819
97.5303
97.8397
97.4843
97.6238
98.0717
97.8445
97.7276
97.8619
97.529
97.4795
97.3183
97.0202
96.9059
97.198
97.2735
97.1079
97.6062
97.3674
97.0586
97.0577
97.1753
96.8723
97.168
96.6732
96.705
96.5552
96.7454
96.9758
96.6644
96.1891
96.3089
96.2258
96.2496
96.3384
96.7445
96.3378
96.0669
95.8644
95.373
95.5475
95.4388
95.1932
94.9832
95.1739
95.1641
94.8898
95.2722
94.8079
95.0451
95.0795
94.7018
94.6618
94.9847
94.562
94.9627
94.5953
94.6909
95.0391
94.6908
94.9568
95.1764
95.5
95.0943
94.8542
95.0816
95.039
94.7825
95.1994
95.6826
95.5245
95.4612
95.431
95.8318
96.1215
96.4451
95.9723
95.4756
95.2065
95.4289
95.089
94.9536
95.2327
95.6225
95.2493
95.3856
94.9626
94.466
94.4814
94.3433
94.7269
94.5443
94.2463
94.3126
94.137
93.945
94.0446
94.0195
94.3134
94.3873
93.9584
93.9234
94.0163
94.1268
94.3439
94.6166
94.8099
95.2671
95.4465
95.0919
95.4544
95.3092
95.5429
95.8391
95.7939
95.5163
95.604
95.9675
95.5532
95.9519
96.412
96.3801
96.0531
95.7916
95.5514
95.1448
95.2435
94.8163
94.6591
95.1235
95.2219
95.7164
95.8755
96.1845
95.9924
96.1433
95.7652
95.36
95.1582
95.3486
95.1759
94.7555
94.2794
94.5827
95.0561
95.045
95.4466
95.1616
95.1486
95.1591
95.4049
95.2661
95.4265
95.6533
96.0939
95.6192
95.8283
95.6103
95.1493
95.4897
95.786
95.9348
95.8863
96.2841
96.0596
95.6188
95.3562
94.9594
95.0127
94.9455
94.5283
94.4034
94.4153
94.6265
94.2505
94.0539
93.8157
93.3335
93.4963
93.4995
93.4599
93.3814
92.9101
92.8448
93.2253
92.9624
93.4215
93.5805
93.7583
93.6997
93.3905
93.3464
93.1664
92.9469
93.1673
92.8518
92.8911
93.0997
92.8622
93.3349
93.0999
93.3449
93.5548
93.0868
93.1518
92.6787
92.4914
92.0744
91.6259
91.8783
91.9528
92.0796
92.3608
92.0334
92.4927
92.3804
92.7342
92.4936
92.3875
92.7718
92.5879
92.6621
92.7815
92.8751
93.3313
93.0732
93.4315
93.296
93.7656
93.6235
93.9246
94.3739
94.4423
94.3696
93.9958
93.7337
93.3384
93.6533
94.1334
93.7313
93.8384
93.4381
93.3593
93.0868
93.3461
93.1043
93.3935
93.0639
92.5725
92.5401
92.8354
92.8962
92.894
92.7846
92.9318
92.8919
92.4489
92.7462
92.5726
92.5791
92.8714
92.7696
93.075
93.2336
93.4206
93.2058
92.7767
92.382
92.8586
92.6304
92.953
92.9122
92.6264
92.4261
92.7104
92.3
92.734
92.9599
93.3662
93.146
93.0909
93.3284
92.8624
92.6193
93.0864
92.9151
92.438
92.1225
92.5212
92.9672
93.1672
92.7507
92.919
92.6977
93.1646
93.5829
93.1992
93.3085
93.3257
93.1204
92.6654
93.0869
93.1661
92.7431
92.4336
91.9867
91.7247
91.3747
91.249
91.6016
91.9904
92.3563
91.8739
92.2469
91.764
91.6288
91.2897
91.4779
91.3452
91.0136
90.9182
90.6633
90.4539
90.9472
90.6509
91.1106
91.3537
91.0253
90.7562
90.3825
89.9408
90.1036
90.4608
90.5029
90.2275
90.0224
90.1528
90.3282
90.7204
90.6126
90.5705
90.5885
90.9674
90.9144
91.0048
91.0353
90.7718
90.36
90.3475
89.9323
89.7126
89.9157
89.5912
90.0158
89.5949
89.9939
89.8337
90.0358
90.2289
90.6469
90.147
90.2197
90.1289
89.8039
89.486
89.7613
89.8188
89.8556
89.9601
89.6539
89.2413
88.8893
89.2017
89.4219
89.7707
89.3793
89.2206
88.7479
88.5704
88.8941
88.6417
89.0953
88.8753
89.3301
89.4511
89.0595
89.0997
89.2225
88.8965
88.5654
88.3884
88.5255
88.6292
88.3895
88.1528
88.1807
88.5485
89.0083
88.602
88.2538
87.7763
87.5938
87.1936
87.0911
87.1576
87.1809
87.543
87.5452
87.374
87.6985
88.0395
87.5614
87.561
87.443
87.526
87.6001
87.431
87.327
87.7234
87.4355
87.7907
88.1854
88.6527
88.3335
88.388
88.4112
88.1491
88.0395
88.0098
88.1066
88.2689
88.5113
88.9971
89.2349
89.2401
89.5353
89.323
88.9721
89.4177
89.4854
89.4733
89.332
89.5688
89.2037
89.1088
89.4609
89.4301
89.8951
90.1435
89.9733
89.6336
89.402
89.3083
89.7001
89.5165
89.3441
89.3907
89.3132
89.1957
89.2564
89.6728
89.9285
89.7499
89.3024
89.1105
89.2235
89.1359
89.4774
89.7189
90.1205
90.4017
90.3807
89.9437
89.6714
89.7773
90.2491
89.8397
89.488
89.2928
89.4094
89.0547
88.8636
88.6259
88.6247
88.4485
88.648
