     1	0
     2	1
     3	3
     4	5
     5	7
     6	9
     7	11
     8	13
     9	15
    10	17
    11	19
    12	21
    13	23
    14	25
    15	27
    16	29
    17	31
    18	33
    19	35
    20	37
    21	38
    22	40
    23	42
    24	44
    25	46
    26	47
    27	49
    28	51
    29	53
    30	54
    31	56
    32	58
    33	59
    34	61
    35	62
    36	64
    37	65
    38	67
    39	68
    40	70
    41	71
    42	73
    43	74
    44	75
    45	77
    46	78
    47	79
    48	80
    49	81
    50	83
    51	84
    52	85
    53	86
    54	87
    55	88
    56	89
    57	90
    58	90
    59	91
    60	92
    61	93
    62	93
    63	94
    64	95
    65	95
    66	96
    67	96
    68	97
    69	97
    70	98
    71	98
    72	98
    73	99
    74	99
    75	99
    76	99
    77	99
    78	99
    79	99
    80	99
    81	99
    82	99
    83	99
    84	99
    85	99
    86	99
    87	98
    88	98
    89	98
    90	97
    91	97
    92	96
    93	96
    94	95
    95	95
    96	94
    97	93
    98	93
    99	92
   100	91
   101	90
   102	90
   103	89
   104	88
   105	87
   106	86
   107	85
   108	84
   109	83
   110	82
   111	80
   112	79
   113	78
   114	77
   115	75
   116	74
   117	73
   118	71
   119	70
   120	69
   121	67
   122	66
   123	64
   124	63
   125	61
   126	59
   127	58
   128	56
   129	54
   130	53
   131	51
   132	49
   133	48
   134	46
   135	44
   136	42
   137	40
   138	39
   139	37
   140	35
   141	33
   142	31
   143	29
   144	27
   145	25
   146	23
   147	21
   148	20
   149	18
   150	16
   151	14
   152	12
   153	10
   154	8
   155	6
   156	4
   157	2
   158	0
   159	-1
   160	-3
   161	-5
   162	-7
   163	-9
   164	-11
   165	-13
   166	-15
   167	-17
   168	-19
   169	-21
   170	-23
   171	-25
   172	-27
   173	-29
   174	-31
   175	-33
   176	-35
   177	-36
   178	-38
   179	-40
   180	-42
   181	-44
   182	-46
   183	-47
   184	-49
   185	-51
   186	-52
   187	-54
   188	-56
   189	-57
   190	-59
   191	-61
   192	-62
   193	-64
   194	-65
   195	-67
   196	-68
   197	-70
   198	-71
   199	-73
   200	-74
   201	-75
   202	-76
   203	-78
   204	-79
   205	-80
   206	-81
   207	-82
   208	-84
   209	-85
   210	-86
   211	-87
   212	-88
   213	-89
   214	-89
   215	-90
   216	-91
   217	-92
   218	-93
   219	-93
   220	-94
   221	-95
   222	-95
   223	-96
   224	-96
   225	-97
   226	-97
   227	-98
   228	-98
   229	-98
   230	-99
   231	-99
   232	-99
   233	-99
   234	-99
   235	-99
   236	-99
   237	-99
   238	-99
   239	-99
   240	-99
   241	-99
   242	-99
   243	-99
   244	-98
   245	-98
   246	-98
   247	-97
   248	-97
   249	-96
   250	-96
   251	-95
   252	-95
   253	-94
   254	-94
   255	-93
   256	-92
   257	-91
   258	-90
   259	-90
   260	-89
   261	-88
   262	-87
   263	-86
   264	-85
   265	-84
   266	-83
   267	-82
   268	-80
   269	-79
   270	-78
   271	-77
   272	-75
   273	-74
   274	-73
   275	-71
   276	-70
   277	-69
   278	-67
   279	-66
   280	-64
   281	-63
   282	-61
   283	-59
   284	-58
   285	-56
   286	-55
   287	-53
   288	-51
   289	-49
   290	-48
   291	-46
   292	-44
   293	-42
   294	-41
   295	-39
   296	-37
   297	-35
   298	-33
   299	-31
   300	-29
   301	-27
   302	-26
   303	-24
   304	-22
   305	-20
   306	-18
   307	-16
   308	-14
   309	-12
   310	-10
   311	-8
   312	-6
   313	-4
   314	-2
   315	0
   316	1
   317	3
   318	5
   319	7
   320	9
   321	11
   322	13
   323	15
   324	17
   325	19
   326	21
   327	23
   328	25
   329	27
   330	29
   331	31
   332	33
   333	34
   334	36
   335	38
   336	40
   337	42
   338	44
   339	45
   340	47
   341	49
   342	51
   343	52
   344	54
   345	56
   346	57
   347	59
   348	61
   349	62
   350	64
   351	65
   352	67
   353	68
   354	70
   355	71
   356	72
   357	74
   358	75
   359	76
   360	78
   361	79
   362	80
   363	81
   364	82
   365	83
   366	85
   367	86
   368	87
   369	88
   370	88
   371	89
   372	90
   373	91
   374	92
   375	93
   376	93
   377	94
   378	95
   379	95
   380	96
   381	96
   382	97
   383	97
   384	98
   385	98
   386	98
   387	99
   388	99
   389	99
   390	99
   391	99
   392	99
   393	99
   394	99
   395	99
   396	99
   397	99
   398	99
   399	99
   400	99
   401	98
   402	98
   403	98
   404	97
   405	97
   406	96
   407	96
   408	95
   409	95
   410	94
   411	94
   412	93
   413	92
   414	91
   415	91
   416	90
   417	89
   418	88
   419	87
   420	86
   421	85
   422	84
   423	83
   424	82
   425	81
   426	79
   427	78
   428	77
   429	76
   430	74
   431	73
   432	72
   433	70
   434	69
   435	67
   436	66
   437	64
   438	63
   439	61
   440	60
   441	58
   442	56
   443	55
   444	53
   445	51
   446	50
   447	48
   448	46
   449	44
   450	43
   451	41
   452	39
   453	37
   454	35
   455	33
   456	31
   457	30
   458	28
   459	26
   460	24
   461	22
   462	20
   463	18
   464	16
   465	14
   466	12
   467	10
   468	8
   469	6
   470	4
   471	2
   472	0
   473	-1
   474	-3
   475	-5
   476	-7
   477	-9
   478	-11
   479	-13
   480	-15
   481	-17
   482	-19
   483	-21
   484	-23
   485	-25
   486	-27
   487	-29
   488	-31
   489	-32
   490	-34
   491	-36
   492	-38
   493	-40
   494	-42
   495	-43
   496	-45
   497	-47
   498	-49
   499	-51
   500	-52
   501	-54
   502	-56
   503	-57
   504	-59
   505	-60
   506	-62
   507	-64
   508	-65
   509	-67
   510	-68
   511	-69
   512	-71
   513	-72
   514	-74
   515	-75
   516	-76
   517	-78
   518	-79
   519	-80
   520	-81
   521	-82
   522	-83
   523	-84
   524	-85
   525	-87
   526	-87
   527	-88
   528	-89
   529	-90
   530	-91
   531	-92
   532	-93
   533	-93
   534	-94
   535	-95
   536	-95
   537	-96
   538	-96
   539	-97
   540	-97
   541	-98
   542	-98
   543	-98
   544	-99
   545	-99
   546	-99
   547	-99
   548	-99
   549	-99
   550	-99
   551	-99
   552	-99
   553	-99
   554	-99
   555	-99
   556	-99
   557	-99
   558	-98
   559	-98
   560	-98
   561	-97
   562	-97
   563	-97
   564	-96
   565	-95
   566	-95
   567	-94
   568	-94
   569	-93
   570	-92
   571	-91
   572	-91
   573	-90
   574	-89
   575	-88
   576	-87
   577	-86
   578	-85
   579	-84
   580	-83
   581	-82
   582	-81
   583	-79
   584	-78
   585	-77
   586	-76
   587	-74
   588	-73
   589	-72
   590	-70
   591	-69
   592	-67
   593	-66
   594	-64
   595	-63
   596	-61
   597	-60
   598	-58
   599	-56
   600	-55
   601	-53
   602	-51
   603	-50
   604	-48
   605	-46
   606	-44
   607	-43
   608	-41
   609	-39
   610	-37
   611	-35
   612	-33
   613	-32
   614	-30
   615	-28
   616	-26
   617	-24
   618	-22
   619	-20
   620	-18
   621	-16
   622	-14
   623	-12
   624	-10
   625	-8
   626	-6
   627	-4
   628	-2
   629	0
   630	1
   631	3
   632	5
   633	7
   634	9
   635	11
   636	13
   637	15
   638	17
   639	19
   640	21
   641	23
   642	25
   643	27
   644	28
   645	30
   646	32
   647	34
   648	36
   649	38
   650	40
   651	42
   652	43
   653	45
   654	47
   655	49
   656	50
   657	52
   658	54
   659	55
   660	57
   661	59
   662	60
   663	62
   664	63
   665	65
   666	66
   667	68
   668	69
   669	71
   670	72
   671	74
   672	75
   673	76
   674	77
   675	79
   676	80
   677	81
   678	82
   679	83
   680	84
   681	85
   682	86
   683	87
   684	88
   685	89
   686	90
   687	91
   688	92
   689	92
   690	93
   691	94
   692	95
   693	95
   694	96
   695	96
   696	97
   697	97
   698	98
   699	98
   700	98
   701	99
   702	99
   703	99
   704	99
   705	99
   706	99
   707	99
   708	99
   709	99
   710	99
   711	99
   712	99
   713	99
   714	99
   715	98
   716	98
   717	98
   718	97
   719	97
   720	97
   721	96
   722	96
   723	95
   724	94
   725	94
   726	93
   727	92
   728	91
   729	91
   730	90
   731	89
   732	88
   733	87
   734	86
   735	85
   736	84
   737	83
   738	82
   739	81
   740	80
   741	78
   742	77
   743	76
   744	74
   745	73
   746	72
   747	70
   748	69
   749	68
   750	66
   751	65
   752	63
   753	61
   754	60
   755	58
   756	57
   757	55
   758	53
   759	52
   760	50
   761	48
   762	46
   763	45
   764	43
   765	41
   766	39
   767	37
   768	35
   769	34
   770	32
   771	30
   772	28
   773	26
   774	24
   775	22
   776	20
   777	18
   778	16
   779	14
   780	12
   781	10
   782	8
   783	6
   784	4
   785	2
   786	0
   787	-1
   788	-3
   789	-5
   790	-7
   791	-9
   792	-11
   793	-13
   794	-15
   795	-17
   796	-19
   797	-21
   798	-22
   799	-24
   800	-26
   801	-28
   802	-30
   803	-32
   804	-34
   805	-36
   806	-38
   807	-40
   808	-41
   809	-43
   810	-45
   811	-47
   812	-48
   813	-50
   814	-52
   815	-54
   816	-55
   817	-57
   818	-59
   819	-60
   820	-62
   821	-63
   822	-65
   823	-66
   824	-68
   825	-69
   826	-71
   827	-72
   828	-73
   829	-75
   830	-76
   831	-77
   832	-79
   833	-80
   834	-81
   835	-82
   836	-83
   837	-84
   838	-85
   839	-86
   840	-87
   841	-88
   842	-89
   843	-90
   844	-91
   845	-92
   846	-92
   847	-93
   848	-94
   849	-94
   850	-95
   851	-96
   852	-96
   853	-97
   854	-97
   855	-98
   856	-98
   857	-98
   858	-99
   859	-99
   860	-99
   861	-99
   862	-99
   863	-99
   864	-99
   865	-99
   866	-99
   867	-99
   868	-99
   869	-99
   870	-99
   871	-99
   872	-99
   873	-98
   874	-98
   875	-97
   876	-97
   877	-97
   878	-96
   879	-96
   880	-95
   881	-94
   882	-94
   883	-93
   884	-92
   885	-92
   886	-91
   887	-90
   888	-89
   889	-88
   890	-87
   891	-86
   892	-85
   893	-84
   894	-83
   895	-82
   896	-81
   897	-80
   898	-78
   899	-77
   900	-76
   901	-75
   902	-73
   903	-72
   904	-71
   905	-69
   906	-68
   907	-66
   908	-65
   909	-63
   910	-62
   911	-60
   912	-58
   913	-57
   914	-55
   915	-53
   916	-52
   917	-50
   918	-48
   919	-47
   920	-45
   921	-43
   922	-41
   923	-39
   924	-37
   925	-36
   926	-34
   927	-32
   928	-30
   929	-28
   930	-26
   931	-24
   932	-22
   933	-20
   934	-18
   935	-16
   936	-14
   937	-12
   938	-10
   939	-8
   940	-6
   941	-4
   942	-2
   943	0
   944	1
   945	3
   946	5
   947	7
   948	9
   949	11
   950	13
   951	14
   952	16
   953	18
   954	20
   955	22
   956	24
   957	26
   958	28
   959	30
   960	32
   961	34
   962	36
   963	38
   964	39
   965	41
   966	43
   967	45
   968	47
   969	48
   970	50
   971	52
   972	54
   973	55
   974	57
   975	58
   976	60
   977	62
   978	63
   979	65
   980	66
   981	68
   982	69
   983	71
   984	72
   985	73
   986	75
   987	76
   988	77
   989	78
   990	80
   991	81
   992	82
   993	83
   994	84
   995	85
   996	86
   997	87
   998	88
   999	89
  1000	90
  1001	91
  1002	92
  1003	92
  1004	93
  1005	94
  1006	94
  1007	95
  1008	96
  1009	96
  1010	97
  1011	97
  1012	97
  1013	98
  1014	98
  1015	99
  1016	99
  1017	99
  1018	99
  1019	99
  1020	99
  1021	99
  1022	99
  1023	99
  1024	99
  1025	99
  1026	99
  1027	99
  1028	99
  1029	99
  1030	98
  1031	98
  1032	98
  1033	97
  1034	97
  1035	96
  1036	96
  1037	95
  1038	94
  1039	94
  1040	93
  1041	92
  1042	92
  1043	91
  1044	90
  1045	89
  1046	88
  1047	87
  1048	86
  1049	85
  1050	84
  1051	83
  1052	82
  1053	81
  1054	80
  1055	79
  1056	77
  1057	76
  1058	75
  1059	73
  1060	72
  1061	71
  1062	69
  1063	68
  1064	66
  1065	65
  1066	63
  1067	62
  1068	60
  1069	59
  1070	57
  1071	55
  1072	54
  1073	52
  1074	50
  1075	48
  1076	47
  1077	45
  1078	43
  1079	41
  1080	39
  1081	38
  1082	36
  1083	34
  1084	32
  1085	30
  1086	28
  1087	26
  1088	24
  1089	22
  1090	20
  1091	18
  1092	17
  1093	15
  1094	13
  1095	11
  1096	9
  1097	7
  1098	5
  1099	3
  1100	1
  1101	0
  1102	-2
  1103	-4
  1104	-6
  1105	-8
  1106	-10
  1107	-12
  1108	-14
  1109	-16
  1110	-18
  1111	-20
  1112	-22
  1113	-24
  1114	-26
  1115	-28
  1116	-30
  1117	-32
  1118	-34
  1119	-36
  1120	-37
  1121	-39
  1122	-41
  1123	-43
  1124	-45
  1125	-46
  1126	-48
  1127	-50
  1128	-52
  1129	-53
  1130	-55
  1131	-57
  1132	-58
  1133	-60
  1134	-62
  1135	-63
  1136	-65
  1137	-66
  1138	-68
  1139	-69
  1140	-70
  1141	-72
  1142	-73
  1143	-75
  1144	-76
  1145	-77
  1146	-78
  1147	-80
  1148	-81
  1149	-82
  1150	-83
  1151	-84
  1152	-85
  1153	-86
  1154	-87
  1155	-88
  1156	-89
  1157	-90
  1158	-91
  1159	-92
  1160	-92
  1161	-93
  1162	-94
  1163	-94
  1164	-95
  1165	-96
  1166	-96
  1167	-97
  1168	-97
  1169	-97
  1170	-98
  1171	-98
  1172	-98
  1173	-99
  1174	-99
  1175	-99
  1176	-99
  1177	-99
  1178	-99
  1179	-99
  1180	-99
  1181	-99
  1182	-99
  1183	-99
  1184	-99
  1185	-99
  1186	-99
  1187	-98
  1188	-98
  1189	-98
  1190	-97
  1191	-97
  1192	-96
  1193	-96
  1194	-95
  1195	-94
  1196	-94
  1197	-93
  1198	-92
  1199	-92
  1200	-91
  1201	-90
  1202	-89
  1203	-88
  1204	-87
  1205	-86
  1206	-85
  1207	-84
  1208	-83
  1209	-82
  1210	-81
  1211	-80
  1212	-79
  1213	-77
  1214	-76
  1215	-75
  1216	-73
  1217	-72
  1218	-71
  1219	-69
  1220	-68
  1221	-66
  1222	-65
  1223	-63
  1224	-62
  1225	-60
  1226	-59
  1227	-57
  1228	-55
  1229	-54
  1230	-52
  1231	-50
  1232	-49
  1233	-47
  1234	-45
  1235	-43
  1236	-41
  1237	-40
  1238	-38
  1239	-36
  1240	-34
  1241	-32
  1242	-30
  1243	-28
  1244	-26
  1245	-25
  1246	-23
  1247	-21
  1248	-19
  1249	-17
  1250	-15
  1251	-13
  1252	-11
  1253	-9
  1254	-7
  1255	-5
  1256	-3
  1257	-1
  1258	0
  1259	2
  1260	4
  1261	6
  1262	8
  1263	10
  1264	12
  1265	14
  1266	16
  1267	18
  1268	20
  1269	22
  1270	24
  1271	26
  1272	28
  1273	30
  1274	32
  1275	34
  1276	35
  1277	37
  1278	39
  1279	41
  1280	43
  1281	45
  1282	46
  1283	48
  1284	50
  1285	52
  1286	53
  1287	55
  1288	57
  1289	58
  1290	60
  1291	61
  1292	63
  1293	64
  1294	66
  1295	67
  1296	69
  1297	70
  1298	72
  1299	73
  1300	74
  1301	76
  1302	77
  1303	78
  1304	79
  1305	81
  1306	82
  1307	83
  1308	84
  1309	85
  1310	86
  1311	87
  1312	88
  1313	89
  1314	90
  1315	91
  1316	91
  1317	92
  1318	93
  1319	94
  1320	94
  1321	95
  1322	96
  1323	96
  1324	97
  1325	97
  1326	97
  1327	98
  1328	98
  1329	98
  1330	99
  1331	99
  1332	99
  1333	99
  1334	99
  1335	99
  1336	99
  1337	99
  1338	99
  1339	99
  1340	99
  1341	99
  1342	99
  1343	99
  1344	98
  1345	98
  1346	98
  1347	97
  1348	97
  1349	96
  1350	96
  1351	95
  1352	95
  1353	94
  1354	93
  1355	92
  1356	92
  1357	91
  1358	90
  1359	89
  1360	88
  1361	87
  1362	86
  1363	85
  1364	84
  1365	83
  1366	82
  1367	81
  1368	80
  1369	79
  1370	77
  1371	76
  1372	75
  1373	74
  1374	72
  1375	71
  1376	69
  1377	68
  1378	67
  1379	65
  1380	63
  1381	62
  1382	60
  1383	59
  1384	57
  1385	55
  1386	54
  1387	52
  1388	50
  1389	49
  1390	47
  1391	45
  1392	43
  1393	42
  1394	40
  1395	38
  1396	36
  1397	34
  1398	32
  1399	30
  1400	29
  1401	27
  1402	25
  1403	23
  1404	21
  1405	19
  1406	17
  1407	15
  1408	13
  1409	11
  1410	9
  1411	7
  1412	5
  1413	3
  1414	1
  1415	0
  1416	-2
  1417	-4
  1418	-6
  1419	-8
  1420	-10
  1421	-12
  1422	-14
  1423	-16
  1424	-18
  1425	-20
  1426	-22
  1427	-24
  1428	-26
  1429	-28
  1430	-30
  1431	-31
  1432	-33
  1433	-35
  1434	-37
  1435	-39
  1436	-41
  1437	-43
  1438	-44
  1439	-46
  1440	-48
