 0
 0.00999983333416666468
 0.01999866669333307936
 0.02999550020249566076
 0.03998933418663415945
 0.04997916927067832879
 0.05996400647944459919
 0.06994284733753276397
 0.07991469396917268730
 0.08987854919801104969
 0.09983341664682815230
 0.10977830083717480866
 0.11971220728891935996
 0.12963414261969485954
 0.13954311464423648171
 0.14943813247359922149
 0.15931820661424596331
 0.16918234906699601015
 0.17902957342582417834
 0.18885889497650057799
 0.19866933079506121545
 0.20845989984609957060
 0.21822962308086931995
 0.22797752353518839540
 0.23770262642713458836
 0.24740395925452292959
 0.25708055189215509735
 0.26673143668883112873
 0.27635564856411373331
 0.28595222510483553268
 0.29552020666133957510
 0.30505863644344350156
 0.31456656061611776666
 0.32404302839486834670
 0.33348709214081439678
 0.34289780745545134918
 0.35227423327508997684
 0.36161543196496197803
 0.37092046941298267184
 0.38018841512316142823
 0.38941834230865049166
 0.39860932798442289359
 0.40776045305957018597
 0.41687080242921076621
 0.42593946506599960276
 0.43496553411123021042
 0.44394810696551976524
 0.45288628537906829070
 0.46177917554148288913
 0.47062588817115803618
 0.47942553860420300027
 0.48817724688290749450
 0.49688013784373671433
 0.50553334120484696181
 0.51413599165311310467
 0.52268722893065916778
 0.53118619792088340385
 0.53963204873396924099
 0.54802393679187355618
 0.55636102291278377572
 0.56464247339503535720
 0.57286746010048126119
 0.58103516053730507584
 0.58914475794226951311
 0.59719544136239205188
 0.60518640573603956037
 0.61311685197343378861
 0.62098598703655968035
 0.62879302401846851370
 0.63653718222196794023
 0.64421768723769105367
 0.65183377102153668121
 0.65938467197147315361
 0.66686963500369787373
 0.67428791162814506748
 0.68163876002333416673
 0.68892144511055133914
 0.69613523862735674701
 0.70327941920041018436
 0.71035327241760780981
 0.71735609089952276162
 0.72428717437014251092
 0.73114582972689587938
 0.73793137110996271872
 0.74464311997085932125
 0.75128040514029270271
 0.75784256289527697229
 0.76432893702550507814
 0.77073887889896929120
 0.77707174752682386549
 0.78332690962748338846
 0.78950373968995041187
 0.79560162003636603026
 0.80161994088377715208
 0.80755810040511428687
 0.81341550478937375068
 0.81919156830099827163
 0.82488571333845005747
 0.83049737049197046808
 0.83602597860052051678
 0.84147098480789650665
 0.84683184461801519012
 0.85210802194936292361
 0.85729898918860337214
 0.86240422724333840328
 0.86742322559401689438
 0.87235548234498626228
 0.87720050427468161030
 0.88195780688494747373
 0.88662691444948723160
 0.89120736006143533995
 0.89569868568004762924
 0.90010044217650499711
 0.90441218937882591603
 0.90863349611588326459
 0.91276394026052108094
 0.91680310877176692661
 0.92075059773613563957
 0.92460601240802034610
 0.92836896724916669260
 0.93203908596722634967
 0.93561600155338593341
 0.93909935631906758093
 0.94248880193169751002
 0.94578399944953898628
 0.94898461935558621434
 0.95209034159051576385
 0.95510085558469223509
 0.95801586028922496370
 0.96083506420607265890
 0.96355818541719296470
 0.96618495161273402916
 0.96871510011826526273
 0.97114837792104456233
 0.97348454169531937478
 0.97572335782665906926
 0.97786460243531618567
 0.97990806139861422288
 0.98185353037235972787
 0.98370081481127654484
 0.98544972998846018065
 0.98710010101385034142
 0.98865176285171979273
 0.99010456033717779485
 0.99145834819168646252
 0.99271299103758849766
 0.99386836341164484228
 0.99492434977758089785
 0.99588084453764005648
 0.99673775204314338855
 0.86320936664887377068
 0.85811782963480885223
 0.85294048155287626061
 0.84767784013356974671
 0.84233043163664572130
 0.83689879079849771787
 0.83138346077868319896
 0.82578499310560805298
 0.82010394762137421327
 0.81434089242579591443
 0.80849640381959018430
 0.80257106624674725251
 0.79656547223608663852
 0.79048022234200476337
 0.78431592508442001060
 0.77807319688792124141
 0.77175266202012584952
 0.76535495252925351965
 0.75888070818092193221
 0.75233057639417073474
 0.74570521217672017738
 0.73900527805947088675
 0.73223144403025132797
 0.72538438746681958010
 0.71846479306912612487
 0.71147335279084442220
 0.70441076577017611943
 0.69727773825993781382
 0.69007498355693635945
 0.68280322193063978086
 0.67546318055115092656
 0.66805559341649106468
 0.66058120127920069250
 0.65304075157226489971
 0.64543499833437069274
 0.63776470213450375443
 0.63003062999589217930
 0.62223355531930478987
 0.61437425780571170430
 0.60645352337831488914
 0.59847214410395649405
 0.59043091811391282764
 0.58233064952408189496
 0.57417214835457247778
 0.56595623044870279873
 0.55768371739141686934
 0.54935543642712668031
 0.54097222037698844964
 0.53253490755562120108
 0.52404434168727600077
 0.51550137182146423525
 0.50690685224805336789
 0.49826164241183866398
 0.48956660682659942750
 0.48082261498864834353
 0.47203054128988257159
 0.46319126493034528461
 0.45430566983030639724
 0.44537464454187127547
 0.43639908216012626653
 0.42737988023382993455
 0.41831794067565893261
 0.40921416967201748668
 0.40006947759241951035
 0.39088477889845241210
 0.38166099205233169857
 0.37239903942505551841
 0.36309984720416833112
 0.35376434530114292438
 0.34439346725839004176
 0.33498815015590491954
 0.32554933451756006810
 0.31607796421705366845
 0.30657498638352298896
 0.29704135130683226089
 0.28747801234254448390
 0.27788592581658666420
 0.26826605092961801878
 0.25861934966111070881
 0.24894678667315269411
 0.23924932921398232818
 0.22952794702126434045
 0.21978361222511687789
 0.21001729925089930332
 0.20022998472177047149
 0.19042264736102722702
 0.18059626789423289034
 0.17075182895114551862
 0.16089031496745574884
 0.15101271208634404904
 0.14112000805986722210
 0.13121319215018402315
 0.12129325503062976810
 0.11136118868664982569
 0.10141798631660189952
 0.09146464223243702005
 0.08150215176026917800
 0.07153151114084354244
 0.06155371742991321644
 0.05156976839853449266
 0.04158066243329057919
 0.03158739843645377318
 0.02159097572609606609
 0.01159239393615816918
 0.00159265291648695254
 -0.00840724736714870645
 -0.01840630693305366670
 -0.02840352588360385957
 -0.03839790450523521805
 -0.04838844336841420010
 -0.05837414342757990913
 -0.06835400612104781754
 -0.07832703347086510307
 -0.08829222818260761240
 -0.09824859374510847254
 -0.10819513453010837703
 -0.11813085589181758226
 -0.12805476426637965749
 -0.13796586727122704261
 -0.14786317380431847785
 -0.15774569414324838201
 -0.16761244004421826827
 -0.17746242484086030048
 -0.18729466354290310775
 -0.19710817293466999073
 -0.20690197167339966997
 -0.21667508038737974424
 -0.22642652177388304566
 -0.23615532069689709795
 -0.24586050428463690513
 -0.25554110202683131924
 -0.26519614587177325875
 -0.27482467032312407250
 -0.28442571253646236904
 -0.29399831241556765639
 -0.30354151270842916399
 -0.31305435910297024610
 -0.32253590032247879418
 -0.33198518822073411538
 -0.34140127787682076450
 -0.35078322768961984812
 -0.36013009947196835175
 -0.36944095854447707443
 -0.37871487382899778862
 -0.38795091794173027924
 -0.39714816728595995082
 -0.40630570214441672928
 -0.41542260677124602256
 -0.42449796948358254294
 -0.43353088275271783380
 -0.44252044329485238426
 -0.45146575216142325634
 -0.46036591482899819216
 -0.46922004128872721172
 -0.47802724613534275625
 -0.48678664865569947710
 -0.49549737291684481637
 -0.50415854785361157220
 -0.51276930735572368965
 -0.52132879035440656651
 -0.52983614090849321321
 -0.53829050829001765624
 -0.54669104706928702583
 -0.55503691719942382070
 -0.56332728410036989575
 -0.57156131874234377243
 -0.57973819772874292602
 -0.58785710337848275971
 -0.59591722380776403167
 -0.60391775301126055841
 -0.61185789094271907573
 -0.61973684359496319732
 -0.62755382307929347077
 -0.63530804770427559090
 -0.64299874205390889182
 -0.65062513706516730078
 -0.65818647010490499995
 -0.66568198504611910542
 -0.67311093234356173740
 -0.68047256910869392041
 -0.97753011766509705538
 -0.97958916442836687989
 -0.98155025309151545032
 -0.98341318754731068693
 -0.98517778150385945040
 -0.98684385850323657590
 -0.98841125193913051861
 -0.98987980507350384596
 -0.99124937105226691083
 -0.99251981291996313809
 -0.99369100363346445613
 -0.99476282607467550385
 -0.99573517306224534252
 -0.99660794736228550161
 -0.99738106169809328661
 -0.99805443875887937652
 -0.99862801120749883843
 -0.99910172168718478584
 -0.99947552282728400756
 -0.99974937724799399358
 -0.99992325756410088417
 -0.99999714638771796842
 -0.99997103633002445843
 -0.99984493000200436524
 -0.99961884001418540260
 -0.99929278897537794473
 -0.99886680949041416406
 -0.99834094415688757527
 -0.99771524556089331134
 -0.99698977627176955796
 -0.99616460883584067178
 -0.99523982576916260843
 -0.99421551954927138575
 -0.99309179260593540719
 -0.99186875731091257034
 -0.99054653596671318480
 -0.98912526079436982308
 -0.98760507392021532746
 -0.98598612736167029524
 -0.98426858301204146328
 -0.98245261262433251227
 -0.98053839779406890950
 -0.97852612994113850763
 -0.97641601029064971540
 -0.97420824985280915450
 -0.97190306940182081478
 -0.96950069945380881775
 -0.96700138024376599633
 -0.96440536170153059574
 -0.96171290342679349794
 -0.95892427466313846889
 -0.95603975427111802454
 -0.95305963070036760795
 -0.94998420196076086614
 -0.94681377559260891103
 -0.94354866863590654466
 -0.94018920759862852387
 -0.93673572842407903492
 -0.93318857645729764305
 -0.92954810641052507628
 -0.92581468232773229694
 -0.92198867754821640794
 -0.91807047466926703418
 -0.91406046550790691241
 -0.90995905106171051550
 -0.90576664146870462909
 -0.90148365596635489075
 -0.89711052284964239279
 -0.89264767942823454099
 -0.88809557198275445236
 -0.88345465572015326467
 -0.87872539472818982072
 -0.87390826192902227916
 -0.86900373903191629279
 -0.86401231648507448343
 -0.85893449342659203033
 -0.85377077763454327662
 -0.84852168547620434503
 -0.84318774185641684057
 -0.83776948016509780378
 -0.83226744222390116356
 -0.82668217823203602322
 -0.82101424671124719814
 -0.81526421444996350667
 -0.80943265644661939961
 -0.80352015585215559590
 -0.79752730391170447450
 -0.79145469990546605390
 -0.78530295108878047147
 -0.77907267263140295551
 -0.77276448755598736235
 -0.76637902667578443020
 -0.75991692853156097967
 -0.75337883932774636927
 -0.74676541286781259096
 -0.74007731048889446777
 -0.73331520099565649144
 -0.72647976059341291331
 -0.71957167282050777639
 -0.71259162847996165057
 -0.70554032557039190623
 -0.69841846921621343417
 -0.69122677159712679174
 -0.68396595187690082623
 -0.67663673613145689729
 -0.66923985727626188990
 -0.66177605499303727838
 -0.65424607565579157070
 -0.64665067225618352957
 -0.63899060432822363404
 -0.63126663787232131146
 -0.62347954527868553479
 -0.61563010525008644541
 -0.60771910272398572502
 -0.59974732879404350355
 -0.59171558063100965243
 -0.58362466140300737389
 -0.57547538019521705793
 -0.56726855192896843856
 -0.55900499728024913988
 -0.55068554259763776122
 -0.54231101981966970794
 -0.53388226639164403113
 -0.52540012518187959557
 -0.51686544439742895025
 -0.50827907749925832998
 -0.49964188311690226990
 -0.49095472496260136763
 -0.48221847174493177894
 -0.47343399708193508402
 -0.46460217941375721141
 -0.45572390191480515537
 -0.44680005240543027117
 -0.43783152326314697984
 -0.42881921133339576034
 -0.41976401783985935287
 -0.41066684829434114166
 -0.40152861240621472918
 -0.39235022399145375687
 -0.38313260088125106932
 -0.37387666483023635981
 -0.36458334142430147548
 -0.35525355998804259945
 -0.34588825349182856568
 -0.33648835845850459949
 -0.32705481486974081354
 -0.31758856607203482408
 -0.30809055868237788735
 -0.29856174249359398925
 -0.28900307037936135450
 -0.27941549819892587281
 -0.26979998470151597087
 -0.26015749143046848849
 -0.25048898262707514612
 -0.24079542513415921929
 -0.23107778829939206194
 -0.22133704387835914709
 -0.21157416593738531806
 -0.20179013075612896774
 -0.19198591672995488630
 -0.18216250427209554002
 -0.17232087571561056507
 -0.16246201521515428016
 -0.15258690864856104122
 -0.14269654351825827952
 -0.13279190885251708189
 -0.12287399510655018773
 -0.11294379406346729315
 -0.10300229873509756650
 -0.09305050326268929292
 -0.08308940281749657800
 -0.07311999350126305162
 -0.06314327224661252375
 -0.05316023671735655276
 -0.04317188520872889572
 -0.03317921654755681687
 -0.02318322999237923730
 -0.01318492513352171374
 -0.00318530179313823899
 0.00681464007477014026
 0.96988981084508624322
 0.96740591581179481803
 0.96482528099309112264
 0.96214816445030650557
 0.95937483389286432226
 0.95650556665150921583
 0.95354064965057427374
 0.95048037937928883355
 0.94732506186212980706
 0.94407501262821948770
 0.94073055667977290115
 0.93729202845959785474
 0.93375977181765093534
 0.93013413997665280026
 0.92641549549676619952
 0.92260421023934026169
 0.91870066532972466892
 0.91470525111915743951
 0.91061836714573012945
 0.90644042209443435618
 0.90217183375629364000
 0.89781302898658464988
 0.89336444366215203154
 0.88882652263782108615
 0.88419971970191265855
 0.87948449753086468334
 0.87468132764296492659
 0.86979069035119955006
 0.86481307471522221278
 0.85974897849244851328
 0.85459890808828066283
 0.84936337850546736717
 0.84404291329260398085
 0.83863804449177808399
 0.83314931258536571684
 0.82757726644198359265
 0.82192246326160269332
 0.81618546851982873665
 0.81036685591135508703
 0.80446720729259376414
 0.79848711262349028666
 0.79242716990852816933
 0.78628798513692897291
 0.78007017222205388709
 0.77377435294001290587
 0.76740115686748773477
 0.76095122131877464729
 0.75442519128205358637
 0.74782371935488988386
 0.74114746567897504787
 0.73439709787411314371
 0.72757329097145936981
 0.72067672734601750475
 0.71370809664840297551
 0.70666809573587837066
 0.69955742860266829480
 0.69237680630956053273
 0.68512694691280056326
 0.67780857539228653304
 0.67042242357907187086
 0.66296923008218279220
 0.65544974021475801208
 0.64786470591951805231
 0.64021488569357159605
 0.63250104451256640901
 0.62472395375419241213
 0.61688439112104455548
 0.60898314056285320673
 0.60102099219808983152
 0.59299874223495580466
 0.58491719289176225353
 0.57677715231670889548
 0.56857943450706989132
 0.56032485922779479621
 0.55201425192953274785
 0.54364844366608808945
 0.53522827101131568184
 0.52675457597546421509
 0.51822820592097588536
 0.50965001347775085679
 0.50102085645788498201
 0.49234159776988930739
 0.48361310533239994103
 0.47483625198738691243
 0.46601191541287070280
 0.45714097803515517446
 0.44822432694058567581
 0.43926285378684114598
 0.43025745471376909001
 0.42120903025377234090
 0.41211848524175656975
 0.40298672872464754921
 0.39381467387048721844
 0.38460323787711763991
 0.37535334188046197951
 0.36606591086241168184
 0.35674187355832905186
 0.34738216236417449267
 0.33798771324326768638
 0.32855946563269204217
 0.31909836234935177079
 0.30960534949569097980
 0.30008137636508421762
 0.29052739534690792710
 0.28094436183130230155
 0.27133323411363306690
 0.26169497329866274367
 0.25203054320444097165
 0.24234091026592350812
 0.23262704343832953762
 0.22288991410024695752
 0.21313049595649532867
 0.20334976494075620489
 0.19354869911798057808
 0.18372827858658319818
 0.17388948538043354842
 0.16403330337065327677
 0.15416071816722990361
 0.14427271702045664438
 0.13437028872220820292
 0.12445442350706240798
 0.11452611295327758069
 0.10458634988363553498
 0.09463612826616012676
 0.08467644311472127987
 0.07470829038953442824
 0.06473266689756532431
 0.05475057019285017310
 0.04476299847674105996
 0.03477095049808664710
 0.02477542545335812107
 0.01477742288673037829
 0.00477794259012844049
 -0.00522201549675090458
 -0.01522145138643223966
 -0.02521936514365943204
 -0.03521475698538832606
 -0.04520662738076421424
 -0.05519397715107408991
 -0.06517580756966368581
 -0.07515112046180930728
 -0.08511891830453447278
 -0.09507820432636138031
 -0.10502798260698722454
 -0.11496725817687539714
 -0.12489503711675161133
 -0.13481032665699500103
 -0.14471213527691425563
 -0.15459947280389886290
 -0.16447135051243554484
 -0.17432678122297998512
 -0.18416477940067396085
 -0.19398436125389800711
 -0.20378454483264975911
 -0.21356435012673813409
 -0.22332279916378353380
 -0.23305891610701426745
 -0.24277172735284941572
 -0.25246026162825837747
 -0.26212355008788736346
 -0.27176062641094312433
 -0.28137052689782422468
 -0.29095229056649020011
 -0.30050495924855896045
 -0.31002757768512282954
 -0.31951919362227363990
 -0.32897885790632733002
 -0.33840562457873852184
 -0.34779855097069558695
 -0.35715669779738674219
 -0.36647912925192774816
 -0.37576491309894181774
 -0.38501312076778237693
 -0.39422282744538935571
 -0.40339311216876972336
 -0.41252305791709302031
 -0.42161175170339267700
 -0.43065828466586394969
 -0.43966175215874934361
 -0.44862125384280243478
 -0.45753589377532104441
 -0.46640478049974076248
 -0.47522702713477986132
 -0.48400175146312668472
 -0.49272807601966064389
 -0.50140512817919799833
 -0.51003204024375364699
 -0.51860794952931020373
 -0.52713199845208568016
 -0.53560333461429114914
 -0.54402111088936981340
 -0.55238448550670895525
 -0.56069262213581629640
 -0.56894468996995235022
 -0.57713986380921040338
 -0.58527732414303581885
 -0.59335625723217640842
 -0.60137585519005567983
 -0.60933531606356082118
 -0.61723384391323734391
 -0.62507064889288236496
 -0.63284494732852856888
 -0.64055596179681095149
 -0.64820292120270850851
 -0.65578506085665309512
 -0.66330162255099774552
 -0.67075185463583680577
 -0.67813501209417029800
 -0.68545035661640499957
 -0.69269715667418478714
 -0.69987468759354286263
 -0.70698223162736854607
 -0.71401907802718138851
 -0.72098452311420542778
 -0.72787787034973647971
 -0.73469843040479542807
 -0.74144552122906054806
 -0.74811846811907197013
 -0.75471660378570146366
 -0.76123926842088079376
 -0.76768580976358197826
 -0.77405558316504284690
 -0.78034795165323138041
 -0.78656228599654238287
 -0.79269796476672011786
 -0.79875437440100061621
 -0.80473090926346744107
 -0.81062697170561477489
 -0.81644197212611177190
 -0.82217532902976219996
 -0.82782646908565347551
 -0.83339482718448927709
 -0.83887984649510000409
 -0.84428097852012542962
 -0.84959768315086397948
 -0.85482942872128315225
 -0.85997569206118567945
 -0.86503595854852610932
 -0.87000972216087258249
 -0.87489648552600865351
 -0.76198358391903281896
 -0.75546962960297365084
 -0.74888012895351011151
 -0.74221574091521591508
 -0.73547713192134125277
 -0.72866497582717002329
 -0.72177995384263486593
 -0.71482275446419673501
 -0.70779407340599582752
 -0.70069461353028074886
 -0.69352508477712287370
 -0.68628620409342293045
 -0.67897869536121690863
 -0.67160328932528845854
 -0.66416072352009502182
 -0.65665174219601500030
 -0.64907709624492333842
 -0.64143754312510296142
 -0.63373384678549957829
 -0.62596677758932742383
 -0.61813711223703357915
 -0.61024563368862857427
 -0.60229313108539103948
 -0.59428039967095423513
 -0.58620824071178235097
 -0.57807746141704452748
 -0.56988887485789461161
 -0.56164329988616471898
 -0.55334156105248073300
 -0.54498448852380792943
 -0.53657291800043497166
 -0.52810769063240457825
 -0.51958965293539921961
 -0.51101965670609025520
 -0.50239855893695897618
 -0.49372722173059807150
 -0.48500651221350208699
 -0.47623730244935549855
 -0.46742046935182707039
 -0.45855689459687921892
 -0.44964746453460115126
 -0.44069307010057459492
 -0.43169460672678098205
 -0.42265297425205899754
 -0.41356907683212144498
 -0.40444382284914042882
 -0.39527812482090989422
 -0.38607289930959460798
 -0.37682906683007470595
 -0.36754755175789497206
 -0.35822928223682805418
 -0.34887519008606086028
 -0.33948621070701341626
 -0.33006328298979950348
 -0.32060734921933842973
 -0.31111935498112732258
 -0.30160024906668336763
 -0.29205098337866544745
 -0.28247251283568466896
 -0.27286579527681329806
 -0.26323179136580165060
 -0.25357146449501251791
 -0.24388578068908273335
 -0.23417570850832151364
 -0.22444221895185523504
 -0.21468628536052832993
 -0.20490888331957001344
 -0.19511099056103657352
 -0.18529358686603898010
 -0.17545765396676559048
 -0.16560417544830974855
 -0.15573413665031209517
 -0.14584852456842742520
 -0.13594832775562594449
 -0.12603453622333879669
 -0.11610814134245774510
 -0.10617013574419890966
 -0.09622151322084047253
 -0.08626326862634427843
 -0.07629639777687126747
 -0.06632189735120068892
 -0.05634076479106305388
 -0.04635399820139679335
 -0.03636259625053859622
 -0.02636755807035740776
 -0.01636988315634207538
 -0.00637057126765263261
 0.00362937767285478371
 0.01362896367861938588
 0.02362718679937355798
 0.03362304722113704943
 0.04361554536619753980
 0.05360368199306757706
 0.06358645829640789366
 0.07356287600690710809
 0.08353193749110782414
 0.09349264585116914529
 0.10344400502455562802
 0.11338501988364270538
 0.12331469633522862007
 0.13323204141994291630
 0.14313606341154154934
 0.15302577191607868347
 0.16290017797094526126
 0.17275829414376444033
 0.18259913463113400819
 0.19242171535720590096
 0.20222505407209296810
 0.21200817045009314259
 0.22177008618772119424
 0.23150982510153826290
 0.24122641322576938891
 0.25091887890969927892
 0.26058625291483656777
 0.27022756851183685987
 0.27984186157717485809
 0.28942817068955591279
 0.29898553722605735018
 0.30851300545798996568
 0.31800962264647009642
 0.42016703682664092186
 0.42922034522399652922
 0.43823073194451216567
 0.44719729595702441022
 0.45611914061260412341
 0.46499537373422059303
 0.47382510770595849373
 0.48260745956177873881
 0.49134155107381434842
 0.50002650884019250432
 0.59207351470722356530
 0.60010261654126781106
 0.60807170861374177686
 0.61597999402207910325
 0.62382668194432917236
 0.63161098771823864399
 0.63933213291971702705
 0.64698934544067843993
 0.65458185956625177563
 0.66210891605135155085
 0.74037588995244837029
 0.74706069027035392438
 0.75367078514178094314
 0.76020551356275067790
 0.76666422206586662054
 0.77304626478566069863
 0.77935100352317928396
 0.78557780780980255609
 0.79172605497029083900
 0.79779513018505160605
 0.80378442655162092701
 0.80969334514535320860
 0.81552129507931316002
 0.82126769356336399402
 0.82693196596244595496
 0.83251354585403934592
 0.83801187508480630861
 0.84342640382640569211
 0.84875659063047542871
 0.85400190248277691898
 0.85916181485649601140
 0.86423581176469524671
 0.86922338581191212164
 0.87412403824489821237
 0.87893727900249408370
 0.88366262676463499663
 0.88829960900048251376
 0.89284776201567718930
 0.89730663099870761868
 0.90167577006639121061
 0.90595474230846213383
 0.91014311983126197956
 0.91424048380052877077
 0.91824642448328003939
 0.92216054128878578306
 0.92598244280862720435
 0.92971174685583722641
 0.93334808050311887127
 0.93689108012013767871
 0.94034039140988443667
 0.94369566944410458697
 0.94695657869779076332
 0.95012279308273501241
 0.95319399598013734300
 0.95616988027226734209
 0.95905014837317569198
 0.96183451225845251726
 0.96452269349402958575
 0.96711442326402348329
 0.96960944239761697812
 0.97200750139497588655
 0.97430836045219884855
 0.97651178948529751796
 0.97861756815320476967
 0.98062548587980862265
 0.98253534187500967571
 0.98434694515479995011
 0.98606011456036113118
 0.98767467877618029922
 0.98919047634718133801
 0.99060735569487030787
 0.99192517513249316877
 0.99314380287920433762
 0.99426311707324466303
 0.99528300578412749971
 0.99620336702383166379
 0.99702410875700014999
 0.99774514891014359064
 0.99836641537984753617
 0.99888784603998273654
 0.99930938874791770231
 0.99963100134973292442
 0.99985265168443623094
 0.99997431758717885955
 0.99999598689147192389
 0.99991765743040305235
 0.99973933703685307749
 0.99946104354271275448
 0.99908280477709958686
 0.99860465856357493804
 0.99802665271636170663
 0.99734884503556294402
 0.99657130330138189224
 0.99569410526734402011
 0.99471733865252173549
 0.99364110113276255113
 0.99246550033092158136
 0.99119065380609934619
 0.98981668904188595930
 0.98834374343361287518
 0.98677196427461347059
 0.98510150874149383384
 0.98333254387841523527
 0.98146524658038985028
 0.97949980357559140549
 0.97743641140668251705
 0.97527527641116058809
 0.97301661470072423100
 0.97066065213966227758
 0.96820762432226753844
