92.438
92.1225
92.5212
92.9672
93.1672
92.7507
92.919
92.6977
93.1646
93.5829
93.1992
93.3085
93.3257
93.1204
92.6654
93.0869
93.1661
92.7431
92.4336
91.9867
91.7247
91.3747
91.249
91.6016
91.9904
92.3563
91.8739
92.2469
91.764
91.6288
91.2897
91.4779
91.3452
91.0136
90.9182
90.6633
90.4539
90.9472
90.6509
91.1106
91.3537
91.0253
90.7562
90.3825
89.9408
90.1036
90.4608
90.5029
90.2275
90.0224
90.1528
90.3282
90.7204
90.6126
90.5705
90.5885
90.9674
90.9144
91.0048
91.0353
90.7718
90.36
90.3475
89.9323
89.7126
89.9157
89.5912
90.0158
89.5949
89.9939
89.8337
90.0358
90.2289
90.6469
90.147
90.2197
90.1289
89.8039
89.486
89.7613
89.8188
89.8556
89.9601
89.6539
89.2413
88.8893
89.2017
89.4219
89.7707
89.3793
89.2206
88.7479
88.5704
88.8941
88.6417
89.0953
88.8753
89.3301
89.4511
89.0595
89.0997
89.2225
88.8965
88.5654
88.3884
88.5255
88.6292
88.3895
88.1528
88.1807
88.5485
89.0083
88.602
88.2538
87.7763
87.5938
87.1936
87.0911
87.1576
87.1809
87.543
87.5452
87.374
87.6985
88.0395
87.5614
87.561
87.443
87.526
87.6001
87.431
87.327
87.7234
87.4355
87.7907
88.1854
88.6527
88.3335
88.388
88.4112
88.1491
88.0395
88.0098
88.1066
88.2689
88.5113
88.9971
89.2349
89.2401
89.5353
89.323
88.9721
89.4177
89.4854
89.4733
89.332
89.5688
89.2037
89.1088
89.4609
89.4301
89.8951
90.1435
89.9733
89.6336
89.402
89.3083
89.7001
89.5165
89.3441
89.3907
89.3132
89.1957
89.2564
89.6728
89.9285
89.7499
89.3024
89.1105
89.2235
89.1359
89.4774
89.7189
90.1205
90.4017
90.3807
89.9437
89.6714
89.7773
90.2491
89.8397
89.488
89.2928
89.4094
89.0547
88.8636
88.6259
88.6247
88.4485
88.648
