0
1
3
5
7
9
11
13
15
17
19
21
23
25
27
29
31
33
35
37
38
40
42
44
46
47
49
51
53
54
56
58
59
61
62
64
65
67
68
70
71
73
74
75
77
78
79
80
81
83
84
85
86
87
88
89
90
90
91
92
93
93
94
95
95
96
96
97
97
98
98
98
99
99
99
99
99
99
99
99
99
99
99
99
99
99
98
98
98
97
97
96
96
95
95
94
93
93
92
91
90
90
89
88
87
86
85
84
83
82
80
79
78
77
75
74
73
71
70
69
67
66
64
63
61
59
58
56
54
53
51
49
48
46
44
42
40
39
37
35
33
31
29
27
25
23
21
20
18
16
14
12
10
8
6
4
2
0
-1
-3
-5
-7
-9
-11
-13
-15
-17
-19
-21
-23
-25
-27
-29
-31
-33
-35
-36
-38
-40
-42
-44
-46
-47
-49
-51
-52
-54
-56
-57
-59
-61
-62
-64
-65
-67
-68
-70
-71
-73
-74
-75
-76
-78
-79
-80
-81
-82
-84
-85
-86
-87
-88
-89
-89
-90
-91
-92
-93
-93
-94
-95
-95
-96
-96
-97
-97
-98
-98
-98
-99
-99
-99
-99
-99
-99
-99
-99
-99
-99
-99
-99
-99
-99
-98
-98
-98
-97
-97
-96
-96
-95
-95
-94
-94
-93
-92
-91
-90
-90
-89
-88
-87
-86
-85
-84
-83
-82
-80
-79
-78
-77
-75
-74
-73
-71
-70
-69
-67
-66
-64
-63
-61
-59
-58
-56
-55
-53
-51
-49
-48
-46
-44
-42
-41
-39
-37
-35
-33
-31
-29
-27
-26
-24
-22
-20
-18
-16
-14
-12
-10
-8
-6
-4
-2
0
1
3
5
7
9
11
13
15
17
19
21
23
25
27
29
31
33
34
36
38
40
42
44
45
47
49
51
52
54
56
57
59
61
62
64
65
67
68
70
71
72
74
75
76
78
79
80
81
82
83
85
86
87
88
88
89
90
91
92
93
93
94
95
95
96
96
97
97
98
98
98
99
99
99
99
99
99
99
99
99
99
99
99
99
99
98
98
98
97
97
96
96
95
95
94
94
93
92
91
91
90
89
88
87
86
85
84
83
82
81
79
78
77
76
74
73
72
70
69
67
66
64
63
61
60
58
56
55
53
51
50
48
46
44
43
41
39
37
35
33
31
30
28
26
24
22
20
18
16
14
12
10
8
6
4
2
0
-1
-3
-5
-7
-9
-11
-13
-15
-17
-19
-21
-23
-25
-27
-29
-31
-32
-34
-36
-38
-40
-42
-43
-45
-47
-49
-51
-52
-54
-56
-57
-59
-60
-62
-64
-65
-67
-68
-69
-71
-72
-74
-75
-76
-78
-79
-80
-81
-82
-83
-84
-85
-87
-87
-88
-89
-90
-91
-92
-93
-93
-94
-95
-95
-96
-96
-97
-97
-98
-98
-98
-99
-99
-99
-99
-99
-99
-99
-99
-99
-99
-99
-99
-99
-99
-98
-98
-98
-97
-97
-97
-96
-95
-95
-94
-94
-93
-92
-91
-91
-90
-89
-88
-87
-86
-85
-84
-83
-82
-81
-79
-78
-77
-76
-74
-73
-72
-70
-69
-67
-66
-64
-63
-61
-60
-58
-56
-55
-53
-51
-50
-48
-46
-44
-43
-41
-39
-37
-35
-33
-32
-30
-28
-26
-24
-22
-20
-18
-16
-14
-12
-10
-8
-6
-4
-2
0
1
3
5
7
9
11
13
15
17
19
21
23
25
27
28
30
32
34
36
38
40
42
43
45
47
49
50
52
54
55
57
59
60
62
63
65
66
68
69
71
72
74
75
76
77
79
80
81
82
83
84
85
86
87
88
89
90
91
92
92
93
94
95
95
96
96
97
97
98
98
98
99
99
99
99
99
99
99
99
99
99
99
99
99
99
98
98
98
97
97
97
96
96
95
94
94
93
92
91
91
90
89
88
87
86
85
84
83
82
81
80
78
77
76
74
73
72
70
69
68
66
65
63
61
60
58
57
55
53
52
50
48
46
45
43
41
39
37
35
34
32
30
28
26
24
22
20
18
16
14
12
10
8
6
4
2
0
-1
-3
-5
-7
-9
-11
-13
-15
-17
-19
-21
-22
-24
-26
-28
-30
-32
-34
-36
-38
-40
-41
-43
-45
-47
-48
-50
-52
-54
-55
-57
-59
-60
-62
-63
-65
-66
-68
-69
-71
-72
-73
-75
-76
-77
-79
-80
-81
-82
-83
-84
-85
-86
-87
-88
-89
-90
-91
-92
-92
-93
-94
-94
-95
-96
-96
-97
-97
-98
-98
-98
-99
-99
-99
-99
-99
-99
-99
-99
-99
-99
-99
-99
-99
-99
-99
-98
-98
-97
-97
-97
-96
-96
-95
-94
-94
-93
-92
-92
-91
-90
-89
-88
-87
-86
-85
-84
-83
-82
-81
-80
-78
-77
-76
-75
-73
-72
-71
-69
-68
-66
-65
-63
-62
-60
-58
-57
-55
-53
-52
-50
-48
-47
-45
-43
-41
-39
-37
-36
-34
-32
-30
-28
-26
-24
-22
-20
-18
-16
-14
-12
-10
-8
-6
-4
-2
0
1
3
5
7
9
11
13
14
16
18
20
22
24
26
28
30
32
34
36
38
39
41
43
45
47
48
50
52
54
55
57
58
60
62
63
65
66
68
69
71
72
73
75
76
77
78
80
81
82
83
84
85
86
87
88
89
90
91
92
92
93
94
94
95
96
96
97
97
97
98
98
99
99
99
99
99
99
99
99
99
99
99
99
99
99
99
98
98
98
97
97
96
96
95
94
94
93
92
92
91
90
89
88
87
86
85
84
83
82
81
80
79
77
76
75
73
72
71
69
68
66
65
63
62
60
59
57
55
54
52
50
48
47
45
43
41
39
38
36
34
32
30
28
26
24
22
20
18
17
15
13
11
9
7
5
3
1
0
-2
-4
-6
-8
-10
-12
-14
-16
-18
-20
-22
-24
-26
-28
-30
-32
-34
-36
-37
-39
-41
-43
-45
-46
-48
-50
-52
-53
-55
-57
-58
-60
-62
-63
-65
-66
-68
-69
-70
-72
-73
-75
-76
-77
-78
-80
-81
-82
-83
-84
-85
-86
-87
-88
-89
-90
-91
-92
-92
-93
-94
-94
-95
-96
-96
-97
-97
-97
-98
-98
-98
-99
-99
-99
-99
-99
-99
-99
-99
-99
-99
-99
-99
-99
-99
-98
-98
-98
-97
-97
-96
-96
-95
-94
-94
-93
-92
-92
-91
-90
-89
-88
-87
-86
-85
-84
-83
-82
-81
-80
-79
-77
-76
-75
-73
-72
-71
-69
-68
-66
-65
-63
-62
-60
-59
-57
-55
-54
-52
-50
-49
-47
-45
-43
-41
-40
-38
-36
-34
-32
-30
-28
-26
-25
-23
-21
-19
-17
-15
-13
-11
-9
-7
-5
-3
-1
0
2
4
6
8
10
12
14
16
18
20
22
24
26
28
30
32
34
35
37
39
41
43
45
46
48
50
52
53
55
57
58
60
61
63
64
66
67
69
70
72
73
74
76
77
78
79
81
82
83
84
85
86
87
88
89
90
91
91
92
93
94
94
95
96
96
97
97
97
98
98
98
99
99
99
99
99
99
99
99
99
99
99
99
99
99
98
98
98
97
97
96
96
95
95
94
93
92
92
91
90
89
88
87
86
85
84
83
82
81
80
79
77
76
75
74
72
71
69
68
67
65
63
62
60
59
57
55
54
52
50
49
47
45
43
42
40
38
36
34
32
30
29
27
25
23
21
19
17
15
13
11
9
7
5
3
1
0
-2
-4
-6
-8
-10
-12
-14
-16
-18
-20
-22
-24
-26
-28
-30
-31
-33
-35
-37
-39
-41
-43
-44
-46
-48
